{
 "cells": [
  {
   "cell_type": "markdown",
   "metadata": {},
   "source": [
    "### Regression Model\n",
    "**Attempts to best fit the data to a single algorithm**"
   ]
  },
  {
   "cell_type": "code",
   "execution_count": 2,
   "metadata": {},
   "outputs": [],
   "source": [
    "import pandas as pd\n",
    "import numpy as np\n",
    "import matplotlib.pyplot as plt\n",
    "%matplotlib inline\n",
    "import seaborn as sns\n",
    "\n",
    "# imports dataset and model\n",
    "from sklearn import datasets\n",
    "from sklearn.datasets import load_iris\n",
    "from sklearn.model_selection import train_test_split"
   ]
  },
  {
   "cell_type": "code",
   "execution_count": 3,
   "metadata": {},
   "outputs": [
    {
     "name": "stdout",
     "output_type": "stream",
     "text": [
      ".. _iris_dataset:\n",
      "\n",
      "Iris plants dataset\n",
      "--------------------\n",
      "\n",
      "**Data Set Characteristics:**\n",
      "\n",
      "    :Number of Instances: 150 (50 in each of three classes)\n",
      "    :Number of Attributes: 4 numeric, predictive attributes and the class\n",
      "    :Attribute Information:\n",
      "        - sepal length in cm\n",
      "        - sepal width in cm\n",
      "        - petal length in cm\n",
      "        - petal width in cm\n",
      "        - class:\n",
      "                - Iris-Setosa\n",
      "                - Iris-Versicolour\n",
      "                - Iris-Virginica\n",
      "                \n",
      "    :Summary Statistics:\n",
      "\n",
      "    ============== ==== ==== ======= ===== ====================\n",
      "                    Min  Max   Mean    SD   Class Correlation\n",
      "    ============== ==== ==== ======= ===== ====================\n",
      "    sepal length:   4.3  7.9   5.84   0.83    0.7826\n",
      "    sepal width:    2.0  4.4   3.05   0.43   -0.4194\n",
      "    petal length:   1.0  6.9   3.76   1.76    0.9490  (high!)\n",
      "    petal width:    0.1  2.5   1.20   0.76    0.9565  (high!)\n",
      "    ============== ==== ==== ======= ===== ====================\n",
      "\n",
      "    :Missing Attribute Values: None\n",
      "    :Class Distribution: 33.3% for each of 3 classes.\n",
      "    :Creator: R.A. Fisher\n",
      "    :Donor: Michael Marshall (MARSHALL%PLU@io.arc.nasa.gov)\n",
      "    :Date: July, 1988\n",
      "\n",
      "The famous Iris database, first used by Sir R.A. Fisher. The dataset is taken\n",
      "from Fisher's paper. Note that it's the same as in R, but not as in the UCI\n",
      "Machine Learning Repository, which has two wrong data points.\n",
      "\n",
      "This is perhaps the best known database to be found in the\n",
      "pattern recognition literature.  Fisher's paper is a classic in the field and\n",
      "is referenced frequently to this day.  (See Duda & Hart, for example.)  The\n",
      "data set contains 3 classes of 50 instances each, where each class refers to a\n",
      "type of iris plant.  One class is linearly separable from the other 2; the\n",
      "latter are NOT linearly separable from each other.\n",
      "\n",
      ".. topic:: References\n",
      "\n",
      "   - Fisher, R.A. \"The use of multiple measurements in taxonomic problems\"\n",
      "     Annual Eugenics, 7, Part II, 179-188 (1936); also in \"Contributions to\n",
      "     Mathematical Statistics\" (John Wiley, NY, 1950).\n",
      "   - Duda, R.O., & Hart, P.E. (1973) Pattern Classification and Scene Analysis.\n",
      "     (Q327.D83) John Wiley & Sons.  ISBN 0-471-22361-1.  See page 218.\n",
      "   - Dasarathy, B.V. (1980) \"Nosing Around the Neighborhood: A New System\n",
      "     Structure and Classification Rule for Recognition in Partially Exposed\n",
      "     Environments\".  IEEE Transactions on Pattern Analysis and Machine\n",
      "     Intelligence, Vol. PAMI-2, No. 1, 67-71.\n",
      "   - Gates, G.W. (1972) \"The Reduced Nearest Neighbor Rule\".  IEEE Transactions\n",
      "     on Information Theory, May 1972, 431-433.\n",
      "   - See also: 1988 MLC Proceedings, 54-64.  Cheeseman et al\"s AUTOCLASS II\n",
      "     conceptual clustering system finds 3 classes in the data.\n",
      "   - Many, many more ...\n"
     ]
    }
   ],
   "source": [
    "iris_data = load_iris()\n",
    "print(iris_data.DESCR)"
   ]
  },
  {
   "cell_type": "code",
   "execution_count": 4,
   "metadata": {},
   "outputs": [
    {
     "name": "stdout",
     "output_type": "stream",
     "text": [
      "['sepal length (cm)', 'sepal width (cm)', 'petal length (cm)', 'petal width (cm)']\n"
     ]
    }
   ],
   "source": [
    "print(iris_data.feature_names)"
   ]
  },
  {
   "cell_type": "code",
   "execution_count": 5,
   "metadata": {},
   "outputs": [
    {
     "name": "stdout",
     "output_type": "stream",
     "text": [
      "[0 0 0 0 0 0 0 0 0 0 0 0 0 0 0 0 0 0 0 0 0 0 0 0 0 0 0 0 0 0 0 0 0 0 0 0 0\n",
      " 0 0 0 0 0 0 0 0 0 0 0 0 0 1 1 1 1 1 1 1 1 1 1 1 1 1 1 1 1 1 1 1 1 1 1 1 1\n",
      " 1 1 1 1 1 1 1 1 1 1 1 1 1 1 1 1 1 1 1 1 1 1 1 1 1 1 2 2 2 2 2 2 2 2 2 2 2\n",
      " 2 2 2 2 2 2 2 2 2 2 2 2 2 2 2 2 2 2 2 2 2 2 2 2 2 2 2 2 2 2 2 2 2 2 2 2 2\n",
      " 2 2]\n"
     ]
    }
   ],
   "source": [
    "print(iris_data.target)"
   ]
  },
  {
   "cell_type": "code",
   "execution_count": 6,
   "metadata": {},
   "outputs": [],
   "source": [
    "X, y = pd.DataFrame(data=iris_data.data, columns=iris_data.feature_names), pd.DataFrame(data=iris_data.target, columns=[\"iris_type\"])"
   ]
  },
  {
   "cell_type": "code",
   "execution_count": 7,
   "metadata": {},
   "outputs": [
    {
     "data": {
      "text/html": [
       "<div>\n",
       "<style scoped>\n",
       "    .dataframe tbody tr th:only-of-type {\n",
       "        vertical-align: middle;\n",
       "    }\n",
       "\n",
       "    .dataframe tbody tr th {\n",
       "        vertical-align: top;\n",
       "    }\n",
       "\n",
       "    .dataframe thead th {\n",
       "        text-align: right;\n",
       "    }\n",
       "</style>\n",
       "<table border=\"1\" class=\"dataframe\">\n",
       "  <thead>\n",
       "    <tr style=\"text-align: right;\">\n",
       "      <th></th>\n",
       "      <th>sepal length (cm)</th>\n",
       "      <th>sepal width (cm)</th>\n",
       "      <th>petal length (cm)</th>\n",
       "      <th>petal width (cm)</th>\n",
       "    </tr>\n",
       "  </thead>\n",
       "  <tbody>\n",
       "    <tr>\n",
       "      <th>0</th>\n",
       "      <td>5.1</td>\n",
       "      <td>3.5</td>\n",
       "      <td>1.4</td>\n",
       "      <td>0.2</td>\n",
       "    </tr>\n",
       "    <tr>\n",
       "      <th>1</th>\n",
       "      <td>4.9</td>\n",
       "      <td>3.0</td>\n",
       "      <td>1.4</td>\n",
       "      <td>0.2</td>\n",
       "    </tr>\n",
       "    <tr>\n",
       "      <th>2</th>\n",
       "      <td>4.7</td>\n",
       "      <td>3.2</td>\n",
       "      <td>1.3</td>\n",
       "      <td>0.2</td>\n",
       "    </tr>\n",
       "    <tr>\n",
       "      <th>3</th>\n",
       "      <td>4.6</td>\n",
       "      <td>3.1</td>\n",
       "      <td>1.5</td>\n",
       "      <td>0.2</td>\n",
       "    </tr>\n",
       "    <tr>\n",
       "      <th>4</th>\n",
       "      <td>5.0</td>\n",
       "      <td>3.6</td>\n",
       "      <td>1.4</td>\n",
       "      <td>0.2</td>\n",
       "    </tr>\n",
       "  </tbody>\n",
       "</table>\n",
       "</div>"
      ],
      "text/plain": [
       "   sepal length (cm)  sepal width (cm)  petal length (cm)  petal width (cm)\n",
       "0                5.1               3.5                1.4               0.2\n",
       "1                4.9               3.0                1.4               0.2\n",
       "2                4.7               3.2                1.3               0.2\n",
       "3                4.6               3.1                1.5               0.2\n",
       "4                5.0               3.6                1.4               0.2"
      ]
     },
     "execution_count": 7,
     "metadata": {},
     "output_type": "execute_result"
    }
   ],
   "source": [
    "X.head()"
   ]
  },
  {
   "cell_type": "code",
   "execution_count": 8,
   "metadata": {},
   "outputs": [
    {
     "data": {
      "text/html": [
       "<div>\n",
       "<style scoped>\n",
       "    .dataframe tbody tr th:only-of-type {\n",
       "        vertical-align: middle;\n",
       "    }\n",
       "\n",
       "    .dataframe tbody tr th {\n",
       "        vertical-align: top;\n",
       "    }\n",
       "\n",
       "    .dataframe thead th {\n",
       "        text-align: right;\n",
       "    }\n",
       "</style>\n",
       "<table border=\"1\" class=\"dataframe\">\n",
       "  <thead>\n",
       "    <tr style=\"text-align: right;\">\n",
       "      <th></th>\n",
       "      <th>iris_type</th>\n",
       "    </tr>\n",
       "  </thead>\n",
       "  <tbody>\n",
       "    <tr>\n",
       "      <th>0</th>\n",
       "      <td>0</td>\n",
       "    </tr>\n",
       "    <tr>\n",
       "      <th>1</th>\n",
       "      <td>0</td>\n",
       "    </tr>\n",
       "    <tr>\n",
       "      <th>2</th>\n",
       "      <td>0</td>\n",
       "    </tr>\n",
       "    <tr>\n",
       "      <th>3</th>\n",
       "      <td>0</td>\n",
       "    </tr>\n",
       "    <tr>\n",
       "      <th>4</th>\n",
       "      <td>0</td>\n",
       "    </tr>\n",
       "  </tbody>\n",
       "</table>\n",
       "</div>"
      ],
      "text/plain": [
       "   iris_type\n",
       "0          0\n",
       "1          0\n",
       "2          0\n",
       "3          0\n",
       "4          0"
      ]
     },
     "execution_count": 8,
     "metadata": {},
     "output_type": "execute_result"
    }
   ],
   "source": [
    "y.head()"
   ]
  },
  {
   "cell_type": "markdown",
   "metadata": {},
   "source": [
    "### ***train_test_split()*** allows us to randomly partition our data\n",
    "### It picks random rows for training and testing"
   ]
  },
  {
   "cell_type": "code",
   "execution_count": 9,
   "metadata": {},
   "outputs": [],
   "source": [
    "X_train, X_test, y_train, y_test = train_test_split(X, y, random_state=0)\n",
    "# np.ravel used to restructure our y-data in order to effectively fit\n",
    "y_train, y_test = np.ravel(y_train), np.ravel(y_test)"
   ]
  },
  {
   "cell_type": "markdown",
   "metadata": {},
   "source": [
    "By comparing the predicted y-values with our true test y-values, \n",
    "we can ascertain our model's accuracy.\n",
    "\n",
    "One way to do this is by manually iterating across our predicted y-values (***y_pred***)\n",
    "and true test y-values (***y_test***) and checking which values are equivalent.\n",
    "\n",
    "However, we can do this by simply calling ***.score()*** on our machine learning model."
   ]
  },
  {
   "cell_type": "code",
   "execution_count": 11,
   "metadata": {},
   "outputs": [
    {
     "data": {
      "text/plain": [
       "LogisticRegression(C=1.0, class_weight=None, dual=False, fit_intercept=True,\n",
       "          intercept_scaling=1, max_iter=1000, multi_class='multinomial',\n",
       "          n_jobs=None, penalty='l2', random_state=0, solver='lbfgs',\n",
       "          tol=0.0001, verbose=0, warm_start=False)"
      ]
     },
     "execution_count": 11,
     "metadata": {},
     "output_type": "execute_result"
    }
   ],
   "source": [
    "import sklearn.linear_model as model\n",
    "# instantiate logistic regression model\n",
    "# by assigning an empty model to a variable logreg\n",
    "logreg = model.LogisticRegression(random_state=0, solver=\"lbfgs\", multi_class=\"multinomial\", max_iter=1000)\n",
    "# fit model to training dataset\n",
    "logreg.fit(X_train, y_train)"
   ]
  },
  {
   "cell_type": "code",
   "execution_count": 13,
   "metadata": {},
   "outputs": [
    {
     "data": {
      "text/plain": [
       "array([2, 1, 0, 2, 0, 2, 0, 1, 1, 1, 2, 1, 1, 1, 1, 0, 1, 1, 0, 0, 2, 1,\n",
       "       0, 0, 2, 0, 0, 1, 1, 0, 2, 1, 0, 2, 2, 1, 0, 2])"
      ]
     },
     "execution_count": 13,
     "metadata": {},
     "output_type": "execute_result"
    }
   ],
   "source": [
    "y_pred = logreg.predict(X_test)\n",
    "y_pred"
   ]
  },
  {
   "cell_type": "code",
   "execution_count": 18,
   "metadata": {},
   "outputs": [
    {
     "name": "stdout",
     "output_type": "stream",
     "text": [
      "(38,)\n",
      "(38,)\n"
     ]
    }
   ],
   "source": [
    "print(y_test.shape)\n",
    "print(y_pred.shape)"
   ]
  },
  {
   "cell_type": "code",
   "execution_count": 20,
   "metadata": {},
   "outputs": [
    {
     "data": {
      "text/plain": [
       "array([[1.16875670e-04, 5.59168474e-02, 9.43966277e-01],\n",
       "       [1.26301962e-02, 9.60286885e-01, 2.70829184e-02],\n",
       "       [9.84394308e-01, 1.56056531e-02, 3.88446099e-08],\n",
       "       [1.25814962e-06, 2.34510504e-02, 9.76547691e-01],\n",
       "       [9.70279609e-01, 2.97202260e-02, 1.64551328e-07],\n",
       "       [2.00986725e-06, 5.98042981e-03, 9.94017560e-01],\n",
       "       [9.81938391e-01, 1.80615376e-02, 7.13352576e-08],\n",
       "       [2.83403877e-03, 7.47768765e-01, 2.49397196e-01],\n",
       "       [1.50603547e-03, 7.39142932e-01, 2.59351032e-01],\n",
       "       [2.04954135e-02, 9.35761967e-01, 4.37426198e-02],\n",
       "       [9.19419227e-05, 1.60131549e-01, 8.39776509e-01],\n",
       "       [6.95945001e-03, 8.10298064e-01, 1.82742486e-01],\n",
       "       [4.06412243e-03, 7.93850800e-01, 2.02085077e-01],\n",
       "       [3.04899670e-03, 7.60960378e-01, 2.35990626e-01],\n",
       "       [3.85954229e-03, 7.10467111e-01, 2.85673346e-01],\n",
       "       [9.82826231e-01, 1.71737121e-02, 5.72199889e-08],\n",
       "       [6.70028879e-03, 7.56229864e-01, 2.37069847e-01],\n",
       "       [1.13759257e-02, 8.44676907e-01, 1.43947168e-01],\n",
       "       [9.67689677e-01, 3.23101058e-02, 2.17419653e-07],\n",
       "       [9.82900605e-01, 1.70993343e-02, 6.02680283e-08],\n",
       "       [8.27499284e-04, 1.92657335e-01, 8.06515166e-01],\n",
       "       [1.02637925e-02, 7.10772550e-01, 2.78963658e-01],\n",
       "       [9.44090533e-01, 5.59084058e-02, 1.06114419e-06],\n",
       "       [9.75560658e-01, 2.44391712e-02, 1.70378059e-07],\n",
       "       [1.36304585e-03, 4.26058271e-01, 5.72578683e-01],\n",
       "       [9.94213640e-01, 5.78635069e-03, 9.79886321e-09],\n",
       "       [9.50179879e-01, 4.98189775e-02, 1.14401817e-06],\n",
       "       [1.06799780e-02, 9.00956057e-01, 8.83639646e-02],\n",
       "       [1.40900039e-01, 8.52773634e-01, 6.32632669e-03],\n",
       "       [9.61548633e-01, 3.84509120e-02, 4.55184575e-07],\n",
       "       [9.88597451e-05, 1.16267213e-01, 8.83633927e-01],\n",
       "       [1.19060688e-02, 6.83834333e-01, 3.04259598e-01],\n",
       "       [9.68109237e-01, 3.18906116e-02, 1.51732079e-07],\n",
       "       [1.27883505e-03, 3.57870660e-01, 6.40850505e-01],\n",
       "       [1.48293757e-05, 3.39004015e-02, 9.66084769e-01],\n",
       "       [4.79720135e-02, 8.80302283e-01, 7.17257033e-02],\n",
       "       [9.44680646e-01, 5.53189601e-02, 3.93779185e-07],\n",
       "       [5.99585123e-04, 3.11167654e-01, 6.88232761e-01]])"
      ]
     },
     "execution_count": 20,
     "metadata": {},
     "output_type": "execute_result"
    }
   ],
   "source": [
    "# grabs relative classification probabilities\n",
    "# I litterally have no idea what these numbers mean\n",
    "logreg.predict_proba(X_test)"
   ]
  },
  {
   "cell_type": "code",
   "execution_count": 22,
   "metadata": {},
   "outputs": [
    {
     "data": {
      "text/plain": [
       "0.9736842105263158"
      ]
     },
     "execution_count": 22,
     "metadata": {},
     "output_type": "execute_result"
    }
   ],
   "source": [
    "# determine model accuracy\n",
    "logreg.score(X_test, y_test)"
   ]
  },
  {
   "cell_type": "markdown",
   "metadata": {},
   "source": [
    "Our score beat our baseline of 33% !"
   ]
  },
  {
   "cell_type": "code",
   "execution_count": null,
   "metadata": {},
   "outputs": [],
   "source": []
  }
 ],
 "metadata": {
  "kernelspec": {
   "display_name": "Python 3",
   "language": "python",
   "name": "python3"
  },
  "language_info": {
   "codemirror_mode": {
    "name": "ipython",
    "version": 3
   },
   "file_extension": ".py",
   "mimetype": "text/x-python",
   "name": "python",
   "nbconvert_exporter": "python",
   "pygments_lexer": "ipython3",
   "version": "3.7.3"
  }
 },
 "nbformat": 4,
 "nbformat_minor": 2
}
